$ANSIBLE_VAULT;1.2;AES256;volodya
37633961343731373530663334613132613631393731326538303833656137323130653866626538
6537303239636235356333303232333764323235396639300a313736353139643566663739383161
30376661383235333232356434363464643263316163613930663530666639313862363630393830
6634326137656537390a633964663065353066353131616438303436393834353232613663653262
63333565313231643939396465363532306139663633393336323865393663326335636632316339
31633239343034336332303039353661396562306434313332396131613261616530366562653138
38383562346562613537646661333831346565663763666531613634393036653939323639656666
62636638313337376434653736306161653932356635663339373638636333663166616661633932
36336561356162623430633332313636663938306464663561633433656431326663383762303665
33323965316232616134343235666432333362333238663665653935666566313535333330326538
35643135383536366365343961316234643531356631323832333638653130373963343532306138
35633661633562306432393661353761633635343964343566636461643933393161633162616136
31323537663134646466376233316238366363376661373630396665656465336263613932376562
32353362613834326236636162386332346331303335383464343434393839376438363730333066
33306536366165356162393835326338616562396434353766663233366461313333633165636561
34653139323236333934623066653534623165373731623634313763326631353330363432666334
31613538386236643436383336646138303434663034613235333465383937643737396533623336
34346639663566633033656138353362313637636130613936343530643038323863623139656162
64356235633966313138353934313531376462313935613033616137623536303539396431343661
30336532363832323631333465353538353830353663396362663037343734613361393562303064
63653163613238333234313165373434356464323933323932396662666164316361313861343762
61396130646337303263303261326635636639393030663365623264323866626563346434633236
35313738376435396364336661643338316331366636623461353738333438376163393965363038
61363131393337343661323433613862633836653533313764646337306639636539663462356465
33383934353662343536616561343332323832313839663766616263646338313462323830346635
33316633346431376662323937336639343730316664646331363330303833336661303436333666
61663637313231353037663761343932316432636235393962663662653035363133356136363265
31633737386435366533366263383930643265653365393730643132303661343464653335316334
30313964623962303138326434353839303866316339323631353235386631326563346233626161
66383233376461663132323839643038656361333337653266666365346334313164326137656330
34613563393033343133313831353737353130383530313131653533396334363933643165383762
39333966383535316661366631323465356631353961383939326431346336323730326562653661
39663666623538363930633236653361326663373561386363353231613131343364373765363339
32373331613936313035666564626530646663626330373332326465363837393666623531653933
30653464383864313366636463306537356238393834363339663636633662636538633966346331
38336661623036633636653164376433303861326432663563373339343834366161316631333962
32333361383461303565376639653232366133653538646462616639663538313230326564313266
31396338653462636130626461393831666237616536613462666534306234353465303530366531
65626562343638623730363863393139396231663436303031356665353364313266623637653636
39336530373962393833313237616333383963656230303461653764336233383134306565316664
38353237306632363539616635356637383536373531366131303463383231303636616462393165
62336231333634326432663237383164623964396138343365646138393331343338356534366338
35346363656464633163646563343332633432663839323461333839376231366430303730376130
38623638623339613738313938383436623835323665623933353166323838323331393231343034
64383338636663336536393965306634326236643930346136363938316134383232633939373665
36326233323635333865356431363833636333623235653434656462333761623064306435643034
38333561343364303739363732613336343039366132333730373335626162623837653231653230
38616162393830363134303037653334336435663362386639383865626237343936373661316632
63373330636436323337616232653334623534373331386261396632633564653163323164326266
34333565663937646536346431653433363538633237306131363033646436323563653439633832
62656130633762346334646461326466333765373262323036383234356634633165376361646263
32363532363264663363613866363131343132636364363237306631323761323534353136373432
34303166643261323964623537613362316462316333363938333633646164303935373934323861
34363261636462323930666239663964653833303462643361363735636662393063656539373234
30363665616365336331613432373963303864393734373664643838303131353838303464383465
65363634613063336262303130633933666361373436653161343833343638366135353065376661
63646333663631353562363164306539303462626137376162303462343964323530373131343530
39396334626233396131343466376265373361653361303736646464663137373836316163616266
34363135323738323232663936346131336563386463633332613365653366626665393538353666
61306434643939616265663863636365656332636633313330303166303930333738616461656537
34373561316236383061663234613833336165313432316130393862643134363564633830313038
64616432336136366133326665323363303038333333353332326537306464316238663631626530
36383761313636333736363266636530646164363438383131326635613733306333323763383134
35653539316663306631306537333532663264336539616533356362303863373830346535313761
62333138636664326230633962623361343231633966613733656433613236373563653461373831
3065333763316331346565323138353764656439623264663066
